THE ALL-INTERVAL SERIES WITH 6-Z17 FOR EACH GROUP OF INDICES
COMPUTED BY ais_6z17.py PROGRAM
COPYRIGHT (C) 2004 BY HEE-SENG KYE

Indices 0 through 5

1	62	0 1 4 8 7 2 A 3 5 B 9 6 	6-17 
2	63	0 1 4 8 7 2 B 9 3 5 A 6 	6-17 
3	404	0 2 1 8 4 7 5 A B 3 9 6 	6-17 
4	463	0 2 3 9 4 8 5 A 1 B 7 6 	6-17 
5	464	0 2 3 9 4 8 B A 7 5 1 6 	6-17 
6	553	0 2 7 8 4 1 B A 5 9 3 6 	6-17 
7	627	0 2 9 3 4 8 5 A 1 B 7 6 	6-17 
8	628	0 2 9 3 4 8 B A 7 5 1 6 	6-17 
9	785	0 3 2 4 8 9 5 A 7 1 B 6 	6-17 
10	809	0 3 2 8 4 9 7 B 1 A 5 6 	6-17 
11	847	0 3 4 2 9 8 A 7 B 5 1 6 	6-17 
12	857	0 3 4 8 2 9 B A 7 5 1 6 	6-17 
13	858	0 3 4 8 A 9 5 2 7 1 B 6 	6-17 
14	859	0 3 4 8 A 9 7 2 B 5 1 6 	6-17 
15	982	0 3 8 4 2 9 1 A B 5 7 6 	6-17 
16	983	0 3 8 4 2 9 B A 7 1 5 6 	6-17 
17	987	0 3 8 4 A 9 7 2 B 1 5 6 	6-17 
18	1014	0 3 8 A 9 4 2 B 7 1 5 6 	6-17 
19	1027	0 3 9 2 4 8 7 5 1 A B 6 	6-17 
20	1033	0 3 9 4 8 A B 7 5 2 1 6 	6-17 
21	1046	0 3 9 8 4 2 7 B 1 A 5 6 	6-17 
22	1053	0 3 9 A 8 4 B 1 5 2 7 6 	6-17 
23	1074	0 3 A 4 8 9 B 7 5 2 1 6 	6-17 
24	1080	0 3 A 8 4 9 1 2 B 5 7 6 	6-17 
25	1353	0 4 5 A 8 B 1 7 3 2 9 6 	6-17 
26	1354	0 4 5 A 8 B 7 1 3 2 9 6 	6-17 
27	1355	0 4 5 A 8 B 7 2 1 3 9 6 	6-17 
28	1543	0 4 B A 8 5 1 2 7 9 3 6 	6-17 
29	1544	0 4 B A 8 5 1 7 9 2 3 6 	6-17 
30	1545	0 4 B A 8 5 7 1 9 2 3 6 	6-17 
31	1818	0 5 8 4 B A 2 3 1 7 9 6 	6-17 
32	1819	0 5 8 4 B A 7 9 3 1 2 6 	6-17

Indices 1 through 6

1	13	0 1 3 8 2 5 9 7 4 B A 6 	6-17 
2	212	0 1 8 5 3 9 2 4 7 B A 6 	6-17 
3	258	0 1 9 4 3 5 A 7 B 2 8 6 	6-17 
4	277	0 1 9 8 2 5 3 A 7 B 4 6 	6-17 
5	299	0 1 A 3 5 9 4 2 8 B 7 6 	6-17 
6	326	0 1 A 5 9 B 4 2 8 7 3 6 	6-17 
7	327	0 1 A 5 9 B 4 7 3 2 8 6 	6-17 
8	390	0 2 1 5 8 9 7 4 A 3 B 6 	6-17 
9	413	0 2 1 9 7 8 5 A 4 B 3 6 	6-17 
10	430	0 2 1 B 8 3 7 A 4 9 5 6 	6-17 
11	435	0 2 3 1 9 8 5 A 4 7 B 6 	6-17 
12	493	0 2 5 3 8 9 1 7 4 B A 6 	6-17 
13	494	0 2 5 3 8 9 1 A 4 B 7 6 	6-17 
14	509	0 2 5 9 7 8 1 A 4 3 B 6 	6-17 
15	532	0 2 7 3 1 8 B A 4 5 9 6 	6-17 
16	550	0 2 7 5 8 9 1 A 4 3 B 6 	6-17 
17	572	0 2 7 B 8 3 1 4 A 9 5 6 	6-17 
18	641	0 2 9 7 3 8 B A 4 1 5 6 	6-17 
19	696	0 2 B 3 1 8 7 A 4 9 5 6 	6-17 
20	730	0 2 B 9 8 3 7 1 4 5 A 6 	6-17 
21	731	0 2 B 9 8 3 7 A 4 5 1 6 	6-17 
22	743	0 3 1 2 9 8 5 7 B 4 A 6 	6-17 
23	765	0 3 1 8 5 9 2 4 A B 7 6 	6-17 
24	768	0 3 1 8 9 5 2 7 B A 4 6 	6-17 
25	780	0 3 1 A 5 4 9 B 7 8 2 6 	6-17 
26	820	0 3 2 9 7 B 8 A 4 5 1 6 	6-17 
27	838	0 3 4 1 5 A 9 B 7 2 8 6 	6-17 
28	865	0 3 4 9 B A 7 5 1 8 2 6 	6-17 
29	887	0 3 5 2 1 8 9 7 B 4 A 6 	6-17 
30	893	0 3 5 4 1 9 A 8 2 7 B 6 	6-17 
31	899	0 3 5 4 9 1 A B 7 2 8 6 	6-17 
32	913	0 3 5 A 9 4 1 B 7 8 2 6 	6-17 
33	935	0 3 7 2 1 B 8 9 5 A 4 6 	6-17 
34	936	0 3 7 2 1 B 8 A 4 9 5 6 	6-17 
35	943	0 3 7 2 B 9 8 A 4 5 1 6 	6-17 
36	950	0 3 7 4 9 B A 5 1 2 8 6 	6-17 
37	990	0 3 8 5 1 2 9 7 B A 4 6 	6-17 
38	1005	0 3 8 9 7 2 B 1 5 4 A 6 	6-17 
39	1101	0 3 A 9 B 7 4 2 8 1 5 6 	6-17 
40	1134	0 3 B 8 9 7 2 1 5 A 4 6 	6-17 
41	1155	0 3 B A 5 7 4 2 8 9 1 6 	6-17 
42	1156	0 3 B A 5 7 4 9 1 2 8 6 	6-17 
43	1159	0 3 B A 7 9 4 2 8 1 5 6 	6-17 
44	1185	0 4 1 3 A 9 5 B 2 7 8 6 	6-17 
45	1205	0 4 1 9 B 5 A 8 7 2 3 6 	6-17 
46	1270	0 4 3 5 A 1 9 7 8 2 B 6 	6-17 
47	1275	0 4 3 5 B 7 A 8 1 2 9 6 	6-17 
48	1301	0 4 3 B 5 7 A 8 1 2 9 6 	6-17 
49	1325	0 4 5 3 A 1 9 B 8 2 7 6 	6-17 
50	1387	0 4 7 3 5 B A 8 1 2 9 6 	6-17 
51	1408	0 4 7 9 A 3 B 5 2 1 8 6 	6-17 
52	1417	0 4 9 5 B 1 A 8 7 2 3 6 	6-17 
53	1447	0 4 9 B 5 1 A 8 7 2 3 6 	6-17 
54	1456	0 4 9 B A 7 3 1 8 2 5 6 	6-17 
55	1535	0 4 B 9 A 7 3 5 8 2 1 6 	6-17 
56	1624	0 5 2 1 9 7 8 A 4 B 3 6 	6-17 
57	1625	0 5 2 1 9 7 8 B 3 A 4 6 	6-17 
58	1630	0 5 2 3 1 9 8 A 4 7 B 6 	6-17 
59	1694	0 5 3 4 A 1 9 B 8 7 2 6 	6-17 
60	1724	0 5 4 1 3 9 A 8 B 7 2 6 	6-17 
61	1850	0 5 9 4 A 1 3 2 B 7 8 6 	6-17 
62	1858	0 5 9 8 3 1 2 B 7 A 4 6 	6-17

Indices 2 through 7

1	86	0 1 4 B A 3 7 9 5 2 8 6 	6-17 
2	87	0 1 4 B A 7 3 5 9 2 8 6 	6-17 
3	128	0 1 5 7 4 A 3 B 2 9 8 6 	6-17 
4	261	0 1 9 4 7 B A 3 5 2 8 6 	6-17 
5	271	0 1 9 7 4 B A 3 5 8 2 6 	6-17 
6	276	0 1 9 7 B 8 3 2 5 A 4 6 	6-17 
7	282	0 1 9 B 4 3 7 A 5 2 8 6 	6-17 
8	283	0 1 9 B 4 3 A 7 5 8 2 6 	6-17 
9	320	0 1 A 5 3 B 4 7 9 8 2 6 	6-17 
10	355	0 1 B 4 3 A 7 9 5 8 2 6 	6-17 
11	372	0 1 B 7 A 3 5 4 8 2 9 6 	6-17 
12	376	0 1 B 8 3 7 9 2 5 4 A 6 	6-17 
13	387	0 2 1 4 B 5 9 A 7 3 8 6 	6-17 
14	421	0 2 1 A 4 9 5 3 7 8 B 6 	6-17 
15	424	0 2 1 A B 5 9 4 7 3 8 6 	6-17 
16	436	0 2 3 1 A 4 9 5 8 7 B 6 	6-17 
17	441	0 2 3 7 4 B 5 A 1 9 8 6 	6-17 
18	448	0 2 3 7 A 4 B 9 8 5 1 6 	6-17 
19	449	0 2 3 7 A 5 B 4 1 9 8 6 	6-17 
20	461	0 2 3 9 4 1 5 A 8 B 7 6 	6-17 
21	462	0 2 3 9 4 7 B A 8 5 1 6 	6-17 
22	469	0 2 3 A 4 7 B 9 8 5 1 6 	6-17 
23	518	0 2 5 A B 7 4 3 9 1 8 6 	6-17 
24	522	0 2 5 B 4 1 9 A 8 3 7 6 	6-17 
25	524	0 2 5 B 7 4 3 A 8 9 1 6 	6-17 
26	526	0 2 5 B A 7 3 4 9 1 8 6 	6-17 
27	545	0 2 7 4 5 B 3 A 1 9 8 6 	6-17 
28	561	0 2 7 A 4 3 B 9 1 8 5 6 	6-17 
29	563	0 2 7 A 5 B 3 4 1 9 8 6 	6-17 
30	609	0 2 9 1 4 5 B A 7 3 8 6 	6-17 
31	615	0 2 9 1 A 4 5 3 8 B 7 6 	6-17 
32	617	0 2 9 1 A B 5 4 7 3 8 6 	6-17 
33	625	0 2 9 3 4 1 5 A 8 B 7 6 	6-17 
34	626	0 2 9 3 4 7 B A 8 5 1 6 	6-17 
35	643	0 2 9 7 A 4 3 B 8 1 5 6 	6-17 
36	655	0 2 9 A 4 1 5 3 8 B 7 6 	6-17 
37	711	0 2 B 5 1 4 9 A 8 3 7 6 	6-17 
38	713	0 2 B 5 4 7 3 A 8 9 1 6 	6-17 
39	718	0 2 B 5 A 1 9 4 3 7 8 6 	6-17 
40	737	0 2 B A 5 1 4 9 3 7 8 6 	6-17 
41	743	0 3 1 2 9 8 5 7 B 4 A 6 	6-17 
42	747	0 3 1 5 2 7 9 8 4 A B 6 	6-17 
43	756	0 3 1 7 8 5 9 2 4 B A 6 	6-17 
44	768	0 3 1 8 9 5 2 7 B A 4 6 	6-17 
45	780	0 3 1 A 5 4 9 B 7 8 2 6 	6-17 
46	838	0 3 4 1 5 A 9 B 7 2 8 6 	6-17 
47	841	0 3 4 1 9 B 5 A 8 7 2 6 	6-17 
48	861	0 3 4 9 5 B 1 A 8 7 2 6 	6-17 
49	864	0 3 4 9 B 5 1 A 8 7 2 6 	6-17 
50	884	0 3 5 1 A B 9 4 8 2 7 6 	6-17 
51	887	0 3 5 2 1 8 9 7 B 4 A 6 	6-17 
52	899	0 3 5 4 9 1 A B 7 2 8 6 	6-17 
53	913	0 3 5 A 9 4 1 B 7 8 2 6 	6-17 
54	917	0 3 5 B 4 1 9 A 8 7 2 6 	6-17 
55	951	0 3 7 5 1 8 9 2 B A 4 6 	6-17 
56	952	0 3 7 5 2 1 8 9 B 4 A 6 	6-17 
57	990	0 3 8 5 1 2 9 7 B A 4 6 	6-17 
58	993	0 3 8 5 9 7 1 2 4 B A 6 	6-17 
59	1001	0 3 8 9 1 7 5 2 4 B A 6 	6-17 
60	1003	0 3 8 9 7 1 5 2 4 B A 6 	6-17 
61	1021	0 3 9 1 8 7 5 2 A B 4 6 	6-17 
62	1034	0 3 9 5 4 B 1 A 2 7 8 6 	6-17 
63	1041	0 3 9 7 8 1 5 2 4 B A 6 	6-17 
64	1054	0 3 9 B 4 5 1 A 8 7 2 6 	6-17 
65	1114	0 3 B 1 5 4 9 A 7 2 8 6 	6-17 
66	1118	0 3 B 1 A 5 4 9 7 8 2 6 	6-17 
67	1216	0 4 2 1 9 3 8 5 7 A B 6 	6-17 
68	1224	0 4 2 3 9 B 8 7 A 5 1 6 	6-17 
69	1234	0 4 2 7 3 9 8 B 1 A 5 6 	6-17 
70	1241	0 4 2 9 3 5 8 1 A B 7 6 	6-17 
71	1259	0 4 3 1 9 2 8 5 7 A B 6 	6-17 
72	1265	0 4 3 5 2 8 1 9 7 A B 6 	6-17 
73	1420	0 4 9 7 3 2 8 B 1 A 5 6 	6-17 
74	1446	0 4 9 B 2 8 7 3 1 A 5 6 	6-17 
75	1606	0 5 1 B 8 2 3 7 A 9 4 6 	6-17 
76	1619	0 5 2 1 3 7 8 B 9 4 A 6 	6-17 
77	1776	0 5 7 4 3 B 9 A 1 8 2 6 	6-17 
78	1781	0 5 7 8 3 2 B 9 1 4 A 6 	6-17 
79	1790	0 5 7 B 2 3 1 8 4 A 9 6 	6-17 
80	1821	0 5 8 7 2 3 B 9 1 A 4 6 	6-17 
81	1824	0 5 8 7 2 B 3 1 9 A 4 6 	6-17 
82	1853	0 5 9 7 8 3 2 B 1 4 A 6 	6-17 
83	1854	0 5 9 7 8 3 B 2 1 A 4 6 	6-17 
84	1866	0 5 9 8 B 7 2 3 1 A 4 6 	6-17 
85	1880	0 5 9 B 7 4 3 A 1 2 8 6 	6-17 
86	1886	0 5 9 B 8 7 2 3 1 4 A 6 	6-17

Indices 3 through 8

1	63	0 1 4 8 7 2 B 9 3 5 A 6 	6-17 
2	99	0 1 5 2 9 7 3 8 B A 4 6 	6-17 
3	148	0 1 5 A 7 9 4 3 B 2 8 6 	6-17 
4	213	0 1 8 5 3 B A 4 7 9 2 6 	6-17 
5	214	0 1 8 5 7 A 4 3 B 9 2 6 	6-17 
6	229	0 1 8 A 9 3 B 4 7 5 2 6 	6-17 
7	233	0 1 8 B 4 A 9 7 3 5 2 6 	6-17 
8	240	0 1 8 B A 4 9 7 3 5 2 6 	6-17 
9	258	0 1 9 4 3 5 A 7 B 2 8 6 	6-17 
10	261	0 1 9 4 7 B A 3 5 2 8 6 	6-17 
11	271	0 1 9 7 4 B A 3 5 8 2 6 	6-17 
12	275	0 1 9 7 A 3 5 4 B 8 2 6 	6-17 
13	282	0 1 9 B 4 3 7 A 5 2 8 6 	6-17 
14	283	0 1 9 B 4 3 A 7 5 8 2 6 	6-17 
15	291	0 1 A 2 9 3 8 B 7 5 4 6 	6-17 
16	292	0 1 A 2 9 7 3 8 B 5 4 6 	6-17 
17	302	0 1 A 3 7 2 8 B 9 5 4 6 	6-17 
18	394	0 2 1 5 B 4 7 3 A 8 9 6 	6-17 
19	399	0 2 1 7 A 3 B 9 4 8 5 6 	6-17 
20	400	0 2 1 7 A 5 3 B 4 8 9 6 	6-17 
21	412	0 2 1 9 3 A 7 B 4 5 8 6 	6-17 
22	415	0 2 1 9 7 A 4 B 3 8 5 6 	6-17 
23	416	0 2 1 9 A 3 7 4 B 5 8 6 	6-17 
24	429	0 2 1 B 7 A 3 9 4 8 5 6 	6-17 
25	518	0 2 5 A B 7 4 3 9 1 8 6 	6-17 
26	526	0 2 5 B A 7 3 4 9 1 8 6 	6-17 
27	530	0 2 7 1 A 9 5 3 4 8 B 6 	6-17 
28	531	0 2 7 1 A B 9 5 4 8 3 6 	6-17 
29	533	0 2 7 3 1 A 4 5 9 8 B 6 	6-17 
30	536	0 2 7 3 9 A 1 5 4 B 8 6 	6-17 
31	538	0 2 7 3 A 9 1 4 5 B 8 6 	6-17 
32	547	0 2 7 5 1 A 9 3 4 8 B 6 	6-17 
33	570	0 2 7 B 5 4 1 9 A 8 3 6 	6-17 
34	580	0 2 8 1 5 4 B 9 A 7 3 6 	6-17 
35	582	0 2 8 1 A 9 5 3 4 7 B 6 	6-17 
36	586	0 2 8 5 1 4 B 9 A 3 7 6 	6-17 
37	587	0 2 8 5 3 4 B 7 A 9 1 6 	6-17 
38	588	0 2 8 5 4 7 3 A B 9 1 6 	6-17 
39	590	0 2 8 5 9 A 3 1 4 B 7 6 	6-17 
40	595	0 2 8 7 A 3 B 9 4 1 5 6 	6-17 
41	598	0 2 8 7 B 4 5 3 A 1 9 6 	6-17 
42	603	0 2 8 B 3 A 9 7 4 5 1 6 	6-17 
43	604	0 2 8 B 4 1 9 A 5 3 7 6 	6-17 
44	605	0 2 8 B 7 4 5 3 A 9 1 6 	6-17 
45	606	0 2 8 B 9 4 5 1 A 3 7 6 	6-17 
46	718	0 2 B 5 A 1 9 4 3 7 8 6 	6-17 
47	737	0 2 B A 5 1 4 9 3 7 8 6 	6-17 
48	786	0 3 2 4 9 1 A 5 B 7 8 6 	6-17 
49	826	0 3 2 A 5 9 B 4 1 7 8 6 	6-17 
50	839	0 3 4 1 8 2 7 5 9 B A 6 	6-17 
51	842	0 3 4 2 7 1 8 5 9 B A 6 	6-17 
52	843	0 3 4 2 7 9 1 8 5 B A 6 	6-17 
53	853	0 3 4 8 1 7 5 2 9 B A 6 	6-17 
54	950	0 3 7 4 9 B A 5 1 2 8 6 	6-17 
55	986	0 3 8 4 5 B 1 A 9 7 2 6 	6-17 
56	991	0 3 8 5 4 A B 1 9 7 2 6 	6-17 
57	1016	0 3 8 A B 5 4 1 9 7 2 6 	6-17 
58	1018	0 3 8 A B 9 5 4 1 7 2 6 	6-17 
59	1059	0 3 A 2 1 9 7 8 5 B 4 6 	6-17 
60	1091	0 3 A 8 9 5 2 1 7 B 4 6 	6-17 
61	1134	0 3 B 8 9 7 2 1 5 A 4 6 	6-17 
62	1177	0 4 1 3 2 9 7 8 B 5 A 6 	6-17 
63	1187	0 4 1 3 B 9 2 8 7 A 5 6 	6-17 
64	1188	0 4 1 3 B 9 8 2 7 A 5 6 	6-17 
65	1206	0 4 1 B 2 7 3 9 8 A 5 6 	6-17 
66	1259	0 4 3 1 9 2 8 5 7 A B 6 	6-17 
67	1265	0 4 3 5 2 8 1 9 7 A B 6 	6-17 
68	1322	0 4 5 3 8 B 1 7 2 A 9 6 	6-17 
69	1324	0 4 5 3 9 B 8 7 2 A 1 6 	6-17 
70	1326	0 4 5 3 B 1 8 2 7 A 9 6 	6-17 
71	1327	0 4 5 3 B 2 7 1 8 A 9 6 	6-17 
72	1356	0 4 5 B 2 7 3 1 8 A 9 6 	6-17 
73	1357	0 4 5 B 2 7 9 8 3 1 A 6 	6-17 
74	1391	0 4 7 5 2 1 9 3 8 A B 6 	6-17 
75	1399	0 4 7 9 2 3 1 8 5 B A 6 	6-17 
76	1400	0 4 7 9 5 3 2 8 1 A B 6 	6-17 
77	1401	0 4 7 9 5 3 8 2 1 A B 6 	6-17 
78	1420	0 4 9 7 3 2 8 B 1 A 5 6 	6-17 
79	1446	0 4 9 B 2 8 7 3 1 A 5 6 	6-17 
80	1460	0 4 A 1 2 7 9 8 5 3 B 6 	6-17 
81	1461	0 4 A 1 3 8 7 2 B 9 5 6 	6-17 
82	1463	0 4 A 1 B 8 3 2 7 9 5 6 	6-17 
83	1472	0 4 A 7 2 1 3 8 B 9 5 6 	6-17 
84	1474	0 4 A 7 5 8 9 2 1 3 B 6 	6-17 
85	1475	0 4 A 7 9 8 1 2 5 3 B 6 	6-17 
86	1509	0 4 B 5 2 1 3 8 9 7 A 6 	6-17 
87	1510	0 4 B 5 2 1 9 7 8 A 3 6 	6-17 
88	1529	0 4 B 9 3 5 8 1 2 A 7 6 	6-17 
89	1530	0 4 B 9 5 2 1 7 8 A 3 6 	6-17 
90	1532	0 4 B 9 5 7 8 2 1 A 3 6 	6-17 
91	1534	0 4 B 9 8 5 7 1 2 A 3 6 	6-17 
92	1556	0 5 1 2 B 9 8 3 7 A 4 6 	6-17 
93	1598	0 5 1 A 9 B 3 4 7 2 8 6 	6-17 
94	1645	0 5 2 3 B A 4 7 9 1 8 6 	6-17 
95	1673	0 5 2 A 9 3 4 7 B 1 8 6 	6-17 
96	1676	0 5 2 A 9 B 3 4 7 1 8 6 	6-17 
97	1723	0 5 4 1 3 7 2 8 B 9 A 6 	6-17 
98	1729	0 5 4 1 B 2 8 3 7 9 A 6 	6-17 
99	1734	0 5 4 2 9 3 7 8 B 1 A 6 	6-17 
100	1740	0 5 4 7 2 8 9 B 3 1 A 6 	6-17 
101	1744	0 5 4 7 8 2 9 B 3 1 A 6 	6-17 
102	1819	0 5 8 4 B A 7 9 3 1 2 6 	6-17 
103	1853	0 5 9 7 8 3 2 B 1 4 A 6 	6-17 
104	1854	0 5 9 7 8 3 B 2 1 A 4 6 	6-17 
105	1858	0 5 9 8 3 1 2 B 7 A 4 6 	6-17 
106	1866	0 5 9 8 B 7 2 3 1 A 4 6 	6-17 
107	1877	0 5 9 B 2 3 1 8 7 4 A 6 	6-17 
108	1886	0 5 9 B 8 7 2 3 1 4 A 6 	6-17

Indices 4 through 9

1	93	0 1 5 2 4 B 7 A 3 9 8 6 	6-17 
2	94	0 1 5 2 4 B 7 A 9 3 8 6 	6-17 
3	101	0 1 5 2 9 B 7 A 4 3 8 6 	6-17 
4	102	0 1 5 2 9 B A 4 7 3 8 6 	6-17 
5	114	0 1 5 4 7 2 B 9 3 8 A 6 	6-17 
6	147	0 1 5 A 7 3 2 8 B 9 4 6 	6-17 
7	204	0 1 8 2 A 3 5 4 7 B 9 6 	6-17 
8	213	0 1 8 5 3 B A 4 7 9 2 6 	6-17 
9	214	0 1 8 5 7 A 4 3 B 9 2 6 	6-17 
10	215	0 1 8 5 7 A 9 3 B 4 2 6 	6-17 
11	241	0 1 9 2 4 3 7 A 5 B 8 6 	6-17 
12	243	0 1 9 2 4 3 A 7 B 5 8 6 	6-17 
13	325	0 1 A 5 9 7 3 2 8 B 4 6 	6-17 
14	404	0 2 1 8 4 7 5 A B 3 9 6 	6-17 
15	412	0 2 1 9 3 A 7 B 4 5 8 6 	6-17 
16	416	0 2 1 9 A 3 7 4 B 5 8 6 	6-17 
17	439	0 2 3 7 4 9 5 B A 1 8 6 	6-17 
18	441	0 2 3 7 4 B 5 A 1 9 8 6 	6-17 
19	449	0 2 3 7 A 5 B 4 1 9 8 6 	6-17 
20	451	0 2 3 7 A 9 5 B 4 1 8 6 	6-17 
21	458	0 2 3 8 5 9 4 A 1 B 7 6 	6-17 
22	536	0 2 7 3 9 A 1 5 4 B 8 6 	6-17 
23	538	0 2 7 3 A 9 1 4 5 B 8 6 	6-17 
24	553	0 2 7 8 4 1 B A 5 9 3 6 	6-17 
25	576	0 2 8 1 4 3 A 7 B 9 5 6 	6-17 
26	577	0 2 8 1 4 3 A B 7 5 9 6 	6-17 
27	578	0 2 8 1 5 3 4 B 7 A 9 6 	6-17 
28	579	0 2 8 1 5 4 7 3 A B 9 6 	6-17 
29	585	0 2 8 3 B 9 1 4 5 A 7 6 	6-17 
30	587	0 2 8 5 3 4 B 7 A 9 1 6 	6-17 
31	588	0 2 8 5 4 7 3 A B 9 1 6 	6-17 
32	589	0 2 8 5 9 7 3 4 B A 1 6 	6-17 
33	593	0 2 8 7 4 9 A 1 5 3 B 6 	6-17 
34	594	0 2 8 7 4 9 A 5 1 B 3 6 	6-17 
35	597	0 2 8 7 B 4 1 9 A 5 3 6 	6-17 
36	599	0 2 8 7 B 9 4 5 1 A 3 6 	6-17 
37	601	0 2 8 9 5 3 7 4 B A 1 6 	6-17 
38	602	0 2 8 B 3 1 9 4 5 A 7 6 	6-17 
39	604	0 2 8 B 4 1 9 A 5 3 7 6 	6-17 
40	606	0 2 8 B 9 4 5 1 A 3 7 6 	6-17 
41	608	0 2 9 1 4 3 B 5 A 7 8 6 	6-17 
42	609	0 2 9 1 4 5 B A 7 3 8 6 	6-17 
43	613	0 2 9 1 A 3 B 5 4 7 8 6 	6-17 
44	617	0 2 9 1 A B 5 4 7 3 8 6 	6-17 
45	648	0 2 9 8 B 3 4 A 7 5 1 6 	6-17 
46	867	0 3 4 A 2 7 9 8 5 1 B 6 	6-17 
47	981	0 3 8 2 A B 9 4 1 5 7 6 	6-17 
48	1350	0 4 5 A 8 3 B 2 1 7 9 6 	6-17 
49	1351	0 4 5 A 8 7 1 3 B 2 9 6 	6-17 
50	1353	0 4 5 A 8 B 1 7 3 2 9 6 	6-17 
51	1354	0 4 5 A 8 B 7 1 3 2 9 6 	6-17 
52	1355	0 4 5 A 8 B 7 2 1 3 9 6 	6-17 
53	1461	0 4 A 1 3 8 7 2 B 9 5 6 	6-17 
54	1462	0 4 A 1 9 B 8 3 2 7 5 6 	6-17 
55	1463	0 4 A 1 B 8 3 2 7 9 5 6 	6-17 
56	1465	0 4 A 3 5 2 1 9 7 8 B 6 	6-17 
57	1466	0 4 A 5 1 3 2 7 8 B 9 6 	6-17 
58	1467	0 4 A 5 1 B 2 3 8 7 9 6 	6-17 
59	1470	0 4 A 5 3 2 7 8 B 1 9 6 	6-17 
60	1471	0 4 A 5 8 9 7 3 2 B 1 6 	6-17 
61	1473	0 4 A 7 3 5 8 9 2 1 B 6 	6-17 
62	1474	0 4 A 7 5 8 9 2 1 3 B 6 	6-17 
63	1475	0 4 A 7 9 8 1 2 5 3 B 6 	6-17 
64	1477	0 4 A 9 B 2 7 3 1 8 5 6 	6-17 
65	1479	0 4 A B 7 5 2 9 8 1 3 6 	6-17 
66	1481	0 4 A B 7 9 2 1 8 5 3 6 	6-17 
67	1482	0 4 A B 8 3 1 9 2 5 7 6 	6-17 
68	1483	0 4 A B 9 2 1 8 5 7 3 6 	6-17 
69	1542	0 4 B A 8 1 7 9 5 2 3 6 	6-17 
70	1543	0 4 B A 8 5 1 2 7 9 3 6 	6-17 
71	1544	0 4 B A 8 5 1 7 9 2 3 6 	6-17 
72	1545	0 4 B A 8 5 7 1 9 2 3 6 	6-17 
73	1546	0 4 B A 8 9 5 2 7 1 3 6 	6-17 
74	1555	0 5 1 2 B 3 A 4 7 9 8 6 	6-17 
75	1586	0 5 1 8 B A 7 9 3 4 2 6 	6-17 
76	1592	0 5 1 A 8 7 B 2 3 9 4 6 	6-17 
77	1593	0 5 1 A 8 7 B 2 9 3 4 6 	6-17 
78	1595	0 5 1 A 9 7 2 8 B 3 4 6 	6-17 
79	1597	0 5 1 A 9 7 B 2 8 3 4 6 	6-17 
80	1626	0 5 2 1 9 B 3 A 4 7 8 6 	6-17 
81	1723	0 5 4 1 3 7 2 8 B 9 A 6 	6-17 
82	1729	0 5 4 1 B 2 8 3 7 9 A 6 	6-17 
83	1730	0 5 4 1 B 2 9 3 7 8 A 6 	6-17 
84	1753	0 5 4 A 2 3 1 8 B 7 9 6 	6-17 
85	1872	0 5 9 A 8 3 2 B 7 1 4 6 	6-17 
86	1873	0 5 9 A 8 3 B 2 1 7 4 6 	6-17

Indices 5 through 10

1	78	0 1 4 A 5 3 B 8 7 9 2 6 	6-17 
2	97	0 1 5 2 8 7 A 3 B 9 4 6 	6-17 
3	98	0 1 5 2 8 A 3 B 9 4 7 6 	6-17 
4	115	0 1 5 4 A 8 3 B 2 7 9 6 	6-17 
5	144	0 1 5 A 4 2 9 B 8 7 3 6 	6-17 
6	145	0 1 5 A 4 2 B 7 9 8 3 6 	6-17 
7	146	0 1 5 A 4 7 3 2 9 B 8 6 	6-17 
8	203	0 1 8 2 5 3 7 4 9 B A 6 	6-17 
9	247	0 1 9 2 8 A 7 5 4 B 3 6 	6-17 
10	248	0 1 9 2 8 B 3 A 7 5 4 6 	6-17 
11	249	0 1 9 2 8 B A 5 3 7 4 6 	6-17 
12	277	0 1 9 8 2 5 3 A 7 B 4 6 	6-17 
13	390	0 2 1 5 8 9 7 4 A 3 B 6 	6-17 
14	407	0 2 1 8 5 B 3 4 9 7 A 6 	6-17 
15	560	0 2 7 8 B 5 9 4 3 1 A 6 	6-17 
16	572	0 2 7 B 8 3 1 4 A 9 5 6 	6-17 
17	578	0 2 8 1 5 3 4 B 7 A 9 6 	6-17 
18	579	0 2 8 1 5 4 7 3 A B 9 6 	6-17 
19	580	0 2 8 1 5 4 B 9 A 7 3 6 	6-17 
20	581	0 2 8 1 9 A 7 5 4 B 3 6 	6-17 
21	584	0 2 8 3 7 A B 9 5 4 1 6 	6-17 
22	586	0 2 8 5 1 4 B 9 A 3 7 6 	6-17 
23	592	0 2 8 7 3 A 1 B 4 5 9 6 	6-17 
24	597	0 2 8 7 B 4 1 9 A 5 3 6 	6-17 
25	598	0 2 8 7 B 4 5 3 A 1 9 6 	6-17 
26	599	0 2 8 7 B 9 4 5 1 A 3 6 	6-17 
27	600	0 2 8 9 1 A 5 3 B 4 7 6 	6-17 
28	605	0 2 8 B 7 4 5 3 A 9 1 6 	6-17 
29	878	0 3 4 B A 8 1 7 9 5 2 6 	6-17 
30	879	0 3 4 B A 8 5 1 7 9 2 6 	6-17 
31	880	0 3 4 B A 8 5 7 1 9 2 6 	6-17 
32	940	0 3 7 2 8 1 A B 9 5 4 6 	6-17 
33	941	0 3 7 2 8 A B 9 5 4 1 6 	6-17 
34	997	0 3 8 7 2 4 1 5 B 9 A 6 	6-17 
35	998	0 3 8 7 2 4 1 B 5 9 A 6 	6-17 
36	999	0 3 8 7 2 4 5 B 9 1 A 6 	6-17 
37	1151	0 3 B A 4 2 7 9 1 8 5 6 	6-17 
38	1152	0 3 B A 4 5 2 7 9 1 8 6 	6-17 
39	1305	0 4 5 1 A 8 3 9 B 2 7 6 	6-17 
40	1345	0 4 5 A 1 3 B 8 2 9 7 6 	6-17 
41	1346	0 4 5 A 1 7 3 2 9 B 8 6 	6-17 
42	1466	0 4 A 5 1 3 2 7 8 B 9 6 	6-17 
43	1467	0 4 A 5 1 B 2 3 8 7 9 6 	6-17 
44	1468	0 4 A 5 1 B 8 7 9 2 3 6 	6-17 
45	1479	0 4 A B 7 5 2 9 8 1 3 6 	6-17 
46	1480	0 4 A B 7 5 8 1 3 2 9 6 	6-17 
47	1481	0 4 A B 7 9 2 1 8 5 3 6 	6-17 
48	1521	0 4 B 7 A 8 9 3 5 2 1 6 	6-17 
49	1539	0 4 B A 7 1 9 2 3 5 8 6 	6-17 
50	1540	0 4 B A 7 9 5 8 2 3 1 6 	6-17 
51	1551	0 5 1 2 8 A 7 B 9 4 3 6 	6-17 
52	1552	0 5 1 2 8 A 9 7 4 B 3 6 	6-17 
53	1553	0 5 1 2 8 B 3 A 9 7 4 6 	6-17 
54	1580	0 5 1 8 2 4 3 7 A B 9 6 	6-17 
55	1588	0 5 1 A 4 2 3 7 9 8 B 6 	6-17 
56	1589	0 5 1 A 4 B 2 3 7 9 8 6 	6-17 
57	1752	0 5 4 A 1 3 B 8 9 7 2 6 	6-17 
58	1797	0 5 8 2 1 3 7 4 B 9 A 6 	6-17 
59	1850	0 5 9 4 A 1 3 2 B 7 8 6 	6-17 
60	1869	0 5 9 A 4 2 B 1 8 7 3 6 	6-17 
61	1870	0 5 9 A 4 7 2 1 3 B 8 6 	6-17 
62	1871	0 5 9 A 4 7 3 2 B 1 8 6 	6-17

Indices 6 through 11

1	129	0 1 5 7 4 B 2 A 3 9 8 6 	6-17 
2	130	0 1 5 7 4 B 2 A 9 3 8 6 	6-17 
3	131	0 1 5 7 4 B 9 8 2 A 3 6 	6-17 
4	158	0 1 5 B 7 4 2 9 8 A 3 6 	6-17 
5	161	0 1 5 B 8 7 9 4 2 A 3 6 	6-17 
6	216	0 1 8 5 7 B 4 2 A 9 3 6 	6-17 
7	217	0 1 8 5 7 B 9 2 A 4 3 6 	6-17 
8	235	0 1 8 B 7 5 A 2 4 3 9 6 	6-17 
9	363	0 1 B 5 4 7 3 8 A 2 9 6 	6-17 
10	366	0 1 B 5 8 7 3 A 2 4 9 6 	6-17 
11	757	0 3 1 7 9 8 4 5 A 2 B 6 	6-17 
12	861	0 3 4 9 5 B 1 A 8 7 2 6 	6-17 
13	864	0 3 4 9 B 5 1 A 8 7 2 6 	6-17 
14	921	0 3 5 B 9 4 8 1 2 A 7 6 	6-17 
15	1001	0 3 8 9 1 7 5 2 4 B A 6 	6-17 
16	1003	0 3 8 9 7 1 5 2 4 B A 6 	6-17 
17	1021	0 3 9 1 8 7 5 2 A B 4 6 	6-17 
18	1034	0 3 9 5 4 B 1 A 2 7 8 6 	6-17 
19	1041	0 3 9 7 8 1 5 2 4 B A 6 	6-17 
20	1054	0 3 9 B 4 5 1 A 8 7 2 6 	6-17 
21	1324	0 4 5 3 9 B 8 7 2 A 1 6 	6-17 
22	1529	0 4 B 9 3 5 8 1 2 A 7 6 	6-17 
23	1573	0 5 1 7 4 B 9 8 A 2 3 6 	6-17 
24	1579	0 5 1 7 B 8 A 9 4 2 3 6 	6-17 
25	1608	0 5 1 B 8 7 9 4 A 2 3 6 	6-17 
26	1609	0 5 1 B 8 7 A 2 3 9 4 6 	6-17 
27	1610	0 5 1 B 8 7 A 2 9 3 4 6 	6-17 
28	1731	0 5 4 1 B 7 8 A 2 9 3 6 	6-17 
29	1732	0 5 4 1 B 7 9 A 2 8 3 6 	6-17 
30	1748	0 5 4 7 B 1 2 A 8 3 9 6 	6-17 
31	1763	0 5 7 1 4 B 3 2 A 8 9 6 	6-17 
32	1764	0 5 7 1 8 B 3 4 2 A 9 6 	6-17
