
  1	0 1 2 3 	0 1 2 3 	4-1 
  2	0 1 2 4 	0 1 2 4 	4-2 
  3	0 1 2 5 	0 1 2 5 	4-4 
  4	0 1 2 6 	0 1 2 6 	4-5 
  5	0 1 2 7 	0 1 2 7 	4-6 
  6	0 1 2 8 	0 1 2 6 	4-5 
  7	0 1 2 9 	0 1 2 5 	4-4 
  8	0 1 2 A 	0 1 2 4 	4-2 
  9	0 1 2 B 	0 1 2 3 	4-1 
 10	0 1 3 4 	0 1 3 4 	4-3 
 11	0 1 3 5 	0 1 3 5 	4-11 
 12	0 1 3 6 	0 1 3 6 	4-13 
 13	0 1 3 7 	0 1 3 7 	4-29 
 14	0 1 3 8 	0 2 3 7 	4-14 
 15	0 1 3 9 	0 2 3 6 	4-12 
 16	0 1 3 A 	0 2 3 5 	4-10 
 17	0 1 3 B 	0 1 2 4 	4-2 
 18	0 1 4 5 	0 1 4 5 	4-7 
 19	0 1 4 6 	0 1 4 6 	4-15 
 20	0 1 4 7 	0 1 4 7 	4-18 
 21	0 1 4 8 	0 1 4 8 	4-19 
 22	0 1 4 9 	0 3 4 7 	4-17 
 23	0 1 4 A 	0 2 3 6 	4-12 
 24	0 1 4 B 	0 1 2 5 	4-4 
 25	0 1 5 6 	0 1 5 6 	4-8 
 26	0 1 5 7 	0 1 5 7 	4-16 
 27	0 1 5 8 	0 1 5 8 	4-20 
 28	0 1 5 9 	0 1 4 8 	4-19 
 29	0 1 5 A 	0 2 3 7 	4-14 
 30	0 1 5 B 	0 1 2 6 	4-5 
 31	0 1 6 7 	0 1 6 7 	4-9 
 32	0 1 6 8 	0 1 5 7 	4-16 
 33	0 1 6 9 	0 1 4 7 	4-18 
 34	0 1 6 A 	0 1 3 7 	4-29 
 35	0 1 6 B 	0 1 2 7 	4-6 
 36	0 1 7 8 	0 1 5 6 	4-8 
 37	0 1 7 9 	0 1 4 6 	4-15 
 38	0 1 7 A 	0 1 3 6 	4-13 
 39	0 1 7 B 	0 1 2 6 	4-5 
 40	0 1 8 9 	0 1 4 5 	4-7 
 41	0 1 8 A 	0 1 3 5 	4-11 
 42	0 1 8 B 	0 1 2 5 	4-4 
 43	0 1 9 A 	0 1 3 4 	4-3 
 44	0 1 9 B 	0 1 2 4 	4-2 
 45	0 1 A B 	0 1 2 3 	4-1 
 46	0 2 3 4 	0 1 2 4 	4-2 
 47	0 2 3 5 	0 2 3 5 	4-10 
 48	0 2 3 6 	0 2 3 6 	4-12 
 49	0 2 3 7 	0 2 3 7 	4-14 
 50	0 2 3 8 	0 1 3 7 	4-29 
 51	0 2 3 9 	0 1 3 6 	4-13 
 52	0 2 3 A 	0 1 3 5 	4-11 
 53	0 2 3 B 	0 1 3 4 	4-3 
 54	0 2 4 5 	0 1 3 5 	4-11 
 55	0 2 4 6 	0 2 4 6 	4-21 
 56	0 2 4 7 	0 2 4 7 	4-22 
 57	0 2 4 8 	0 2 4 8 	4-24 
 58	0 2 4 9 	0 2 4 7 	4-22 
 59	0 2 4 A 	0 2 4 6 	4-21 
 60	0 2 4 B 	0 1 3 5 	4-11 
 61	0 2 5 6 	0 1 4 6 	4-15 
 62	0 2 5 7 	0 2 5 7 	4-23 
 63	0 2 5 8 	0 2 5 8 	4-27 
 64	0 2 5 9 	0 3 5 8 	4-26 
 65	0 2 5 A 	0 2 4 7 	4-22 
 66	0 2 5 B 	0 1 3 6 	4-13 
 67	0 2 6 7 	0 1 5 7 	4-16 
 68	0 2 6 8 	0 2 6 8 	4-25 
 69	0 2 6 9 	0 2 5 8 	4-27 
 70	0 2 6 A 	0 2 4 8 	4-24 
 71	0 2 6 B 	0 1 3 7 	4-29 
 72	0 2 7 8 	0 1 5 7 	4-16 
 73	0 2 7 9 	0 2 5 7 	4-23 
 74	0 2 7 A 	0 2 4 7 	4-22 
 75	0 2 7 B 	0 2 3 7 	4-14 
 76	0 2 8 9 	0 1 4 6 	4-15 
 77	0 2 8 A 	0 2 4 6 	4-21 
 78	0 2 8 B 	0 2 3 6 	4-12 
 79	0 2 9 A 	0 1 3 5 	4-11 
 80	0 2 9 B 	0 2 3 5 	4-10 
 81	0 2 A B 	0 1 2 4 	4-2 
 82	0 3 4 5 	0 1 2 5 	4-4 
 83	0 3 4 6 	0 2 3 6 	4-12 
 84	0 3 4 7 	0 3 4 7 	4-17 
 85	0 3 4 8 	0 1 4 8 	4-19 
 86	0 3 4 9 	0 1 4 7 	4-18 
 87	0 3 4 A 	0 1 4 6 	4-15 
 88	0 3 4 B 	0 1 4 5 	4-7 
 89	0 3 5 6 	0 1 3 6 	4-13 
 90	0 3 5 7 	0 2 4 7 	4-22 
 91	0 3 5 8 	0 3 5 8 	4-26 
 92	0 3 5 9 	0 2 5 8 	4-27 
 93	0 3 5 A 	0 2 5 7 	4-23 
 94	0 3 5 B 	0 1 4 6 	4-15 
 95	0 3 6 7 	0 1 4 7 	4-18 
 96	0 3 6 8 	0 2 5 8 	4-27 
 97	0 3 6 9 	0 3 6 9 	4-28 
 98	0 3 6 A 	0 2 5 8 	4-27 
 99	0 3 6 B 	0 1 4 7 	4-18 
100	0 3 7 8 	0 1 5 8 	4-20 
101	0 3 7 9 	0 2 5 8 	4-27 
102	0 3 7 A 	0 3 5 8 	4-26 
103	0 3 7 B 	0 1 4 8 	4-19 
104	0 3 8 9 	0 1 4 7 	4-18 
105	0 3 8 A 	0 2 4 7 	4-22 
106	0 3 8 B 	0 3 4 7 	4-17 
107	0 3 9 A 	0 1 3 6 	4-13 
108	0 3 9 B 	0 2 3 6 	4-12 
109	0 3 A B 	0 1 2 5 	4-4 
110	0 4 5 6 	0 1 2 6 	4-5 
111	0 4 5 7 	0 2 3 7 	4-14 
112	0 4 5 8 	0 1 4 8 	4-19 
113	0 4 5 9 	0 1 5 8 	4-20 
114	0 4 5 A 	0 1 5 7 	4-16 
115	0 4 5 B 	0 1 5 6 	4-8 
116	0 4 6 7 	0 1 3 7 	4-29 
117	0 4 6 8 	0 2 4 8 	4-24 
118	0 4 6 9 	0 2 5 8 	4-27 
119	0 4 6 A 	0 2 6 8 	4-25 
120	0 4 6 B 	0 1 5 7 	4-16 
121	0 4 7 8 	0 1 4 8 	4-19 
122	0 4 7 9 	0 3 5 8 	4-26 
123	0 4 7 A 	0 2 5 8 	4-27 
124	0 4 7 B 	0 1 5 8 	4-20 
125	0 4 8 9 	0 1 4 8 	4-19 
126	0 4 8 A 	0 2 4 8 	4-24 
127	0 4 8 B 	0 1 4 8 	4-19 
128	0 4 9 A 	0 1 3 7 	4-29 
129	0 4 9 B 	0 2 3 7 	4-14 
130	0 4 A B 	0 1 2 6 	4-5 
131	0 5 6 7 	0 1 2 7 	4-6 
132	0 5 6 8 	0 1 3 7 	4-29 
133	0 5 6 9 	0 1 4 7 	4-18 
134	0 5 6 A 	0 1 5 7 	4-16 
135	0 5 6 B 	0 1 6 7 	4-9 
136	0 5 7 8 	0 2 3 7 	4-14 
137	0 5 7 9 	0 2 4 7 	4-22 
138	0 5 7 A 	0 2 5 7 	4-23 
139	0 5 7 B 	0 1 5 7 	4-16 
140	0 5 8 9 	0 3 4 7 	4-17 
141	0 5 8 A 	0 2 4 7 	4-22 
142	0 5 8 B 	0 1 4 7 	4-18 
143	0 5 9 A 	0 2 3 7 	4-14 
144	0 5 9 B 	0 1 3 7 	4-29 
145	0 5 A B 	0 1 2 7 	4-6 
146	0 6 7 8 	0 1 2 6 	4-5 
147	0 6 7 9 	0 1 3 6 	4-13 
148	0 6 7 A 	0 1 4 6 	4-15 
149	0 6 7 B 	0 1 5 6 	4-8 
150	0 6 8 9 	0 2 3 6 	4-12 
151	0 6 8 A 	0 2 4 6 	4-21 
152	0 6 8 B 	0 1 4 6 	4-15 
153	0 6 9 A 	0 2 3 6 	4-12 
154	0 6 9 B 	0 1 3 6 	4-13 
155	0 6 A B 	0 1 2 6 	4-5 
156	0 7 8 9 	0 1 2 5 	4-4 
157	0 7 8 A 	0 1 3 5 	4-11 
158	0 7 8 B 	0 1 4 5 	4-7 
159	0 7 9 A 	0 2 3 5 	4-10 
160	0 7 9 B 	0 1 3 5 	4-11 
161	0 7 A B 	0 1 2 5 	4-4 
162	0 8 9 A 	0 1 2 4 	4-2 
163	0 8 9 B 	0 1 3 4 	4-3 
164	0 8 A B 	0 1 2 4 	4-2 
165	0 9 A B 	0 1 2 3 	4-1 
166	1 2 3 4 	0 1 2 3 	4-1 
167	1 2 3 5 	0 1 2 4 	4-2 
168	1 2 3 6 	0 1 2 5 	4-4 
169	1 2 3 7 	0 1 2 6 	4-5 
170	1 2 3 8 	0 1 2 7 	4-6 
171	1 2 3 9 	0 1 2 6 	4-5 
172	1 2 3 A 	0 1 2 5 	4-4 
173	1 2 3 B 	0 1 2 4 	4-2 
174	1 2 4 5 	0 1 3 4 	4-3 
175	1 2 4 6 	0 1 3 5 	4-11 
176	1 2 4 7 	0 1 3 6 	4-13 
177	1 2 4 8 	0 1 3 7 	4-29 
178	1 2 4 9 	0 2 3 7 	4-14 
179	1 2 4 A 	0 2 3 6 	4-12 
180	1 2 4 B 	0 2 3 5 	4-10 
181	1 2 5 6 	0 1 4 5 	4-7 
182	1 2 5 7 	0 1 4 6 	4-15 
183	1 2 5 8 	0 1 4 7 	4-18 
184	1 2 5 9 	0 1 4 8 	4-19 
185	1 2 5 A 	0 3 4 7 	4-17 
186	1 2 5 B 	0 2 3 6 	4-12 
187	1 2 6 7 	0 1 5 6 	4-8 
188	1 2 6 8 	0 1 5 7 	4-16 
189	1 2 6 9 	0 1 5 8 	4-20 
190	1 2 6 A 	0 1 4 8 	4-19 
191	1 2 6 B 	0 2 3 7 	4-14 
192	1 2 7 8 	0 1 6 7 	4-9 
193	1 2 7 9 	0 1 5 7 	4-16 
194	1 2 7 A 	0 1 4 7 	4-18 
195	1 2 7 B 	0 1 3 7 	4-29 
196	1 2 8 9 	0 1 5 6 	4-8 
197	1 2 8 A 	0 1 4 6 	4-15 
198	1 2 8 B 	0 1 3 6 	4-13 
199	1 2 9 A 	0 1 4 5 	4-7 
200	1 2 9 B 	0 1 3 5 	4-11 
201	1 2 A B 	0 1 3 4 	4-3 
202	1 3 4 5 	0 1 2 4 	4-2 
203	1 3 4 6 	0 2 3 5 	4-10 
204	1 3 4 7 	0 2 3 6 	4-12 
205	1 3 4 8 	0 2 3 7 	4-14 
206	1 3 4 9 	0 1 3 7 	4-29 
207	1 3 4 A 	0 1 3 6 	4-13 
208	1 3 4 B 	0 1 3 5 	4-11 
209	1 3 5 6 	0 1 3 5 	4-11 
210	1 3 5 7 	0 2 4 6 	4-21 
211	1 3 5 8 	0 2 4 7 	4-22 
212	1 3 5 9 	0 2 4 8 	4-24 
213	1 3 5 A 	0 2 4 7 	4-22 
214	1 3 5 B 	0 2 4 6 	4-21 
215	1 3 6 7 	0 1 4 6 	4-15 
216	1 3 6 8 	0 2 5 7 	4-23 
217	1 3 6 9 	0 2 5 8 	4-27 
218	1 3 6 A 	0 3 5 8 	4-26 
219	1 3 6 B 	0 2 4 7 	4-22 
220	1 3 7 8 	0 1 5 7 	4-16 
221	1 3 7 9 	0 2 6 8 	4-25 
222	1 3 7 A 	0 2 5 8 	4-27 
223	1 3 7 B 	0 2 4 8 	4-24 
224	1 3 8 9 	0 1 5 7 	4-16 
225	1 3 8 A 	0 2 5 7 	4-23 
226	1 3 8 B 	0 2 4 7 	4-22 
227	1 3 9 A 	0 1 4 6 	4-15 
228	1 3 9 B 	0 2 4 6 	4-21 
229	1 3 A B 	0 1 3 5 	4-11 
230	1 4 5 6 	0 1 2 5 	4-4 
231	1 4 5 7 	0 2 3 6 	4-12 
232	1 4 5 8 	0 3 4 7 	4-17 
233	1 4 5 9 	0 1 4 8 	4-19 
234	1 4 5 A 	0 1 4 7 	4-18 
235	1 4 5 B 	0 1 4 6 	4-15 
236	1 4 6 7 	0 1 3 6 	4-13 
237	1 4 6 8 	0 2 4 7 	4-22 
238	1 4 6 9 	0 3 5 8 	4-26 
239	1 4 6 A 	0 2 5 8 	4-27 
240	1 4 6 B 	0 2 5 7 	4-23 
241	1 4 7 8 	0 1 4 7 	4-18 
242	1 4 7 9 	0 2 5 8 	4-27 
243	1 4 7 A 	0 3 6 9 	4-28 
244	1 4 7 B 	0 2 5 8 	4-27 
245	1 4 8 9 	0 1 5 8 	4-20 
246	1 4 8 A 	0 2 5 8 	4-27 
247	1 4 8 B 	0 3 5 8 	4-26 
248	1 4 9 A 	0 1 4 7 	4-18 
249	1 4 9 B 	0 2 4 7 	4-22 
250	1 4 A B 	0 1 3 6 	4-13 
251	1 5 6 7 	0 1 2 6 	4-5 
252	1 5 6 8 	0 2 3 7 	4-14 
253	1 5 6 9 	0 1 4 8 	4-19 
254	1 5 6 A 	0 1 5 8 	4-20 
255	1 5 6 B 	0 1 5 7 	4-16 
256	1 5 7 8 	0 1 3 7 	4-29 
257	1 5 7 9 	0 2 4 8 	4-24 
258	1 5 7 A 	0 2 5 8 	4-27 
259	1 5 7 B 	0 2 6 8 	4-25 
260	1 5 8 9 	0 1 4 8 	4-19 
261	1 5 8 A 	0 3 5 8 	4-26 
262	1 5 8 B 	0 2 5 8 	4-27 
263	1 5 9 A 	0 1 4 8 	4-19 
264	1 5 9 B 	0 2 4 8 	4-24 
265	1 5 A B 	0 1 3 7 	4-29 
266	1 6 7 8 	0 1 2 7 	4-6 
267	1 6 7 9 	0 1 3 7 	4-29 
268	1 6 7 A 	0 1 4 7 	4-18 
269	1 6 7 B 	0 1 5 7 	4-16 
270	1 6 8 9 	0 2 3 7 	4-14 
271	1 6 8 A 	0 2 4 7 	4-22 
272	1 6 8 B 	0 2 5 7 	4-23 
273	1 6 9 A 	0 3 4 7 	4-17 
274	1 6 9 B 	0 2 4 7 	4-22 
275	1 6 A B 	0 2 3 7 	4-14 
276	1 7 8 9 	0 1 2 6 	4-5 
277	1 7 8 A 	0 1 3 6 	4-13 
278	1 7 8 B 	0 1 4 6 	4-15 
279	1 7 9 A 	0 2 3 6 	4-12 
280	1 7 9 B 	0 2 4 6 	4-21 
281	1 7 A B 	0 2 3 6 	4-12 
282	1 8 9 A 	0 1 2 5 	4-4 
283	1 8 9 B 	0 1 3 5 	4-11 
284	1 8 A B 	0 2 3 5 	4-10 
285	1 9 A B 	0 1 2 4 	4-2 
286	2 3 4 5 	0 1 2 3 	4-1 
287	2 3 4 6 	0 1 2 4 	4-2 
288	2 3 4 7 	0 1 2 5 	4-4 
289	2 3 4 8 	0 1 2 6 	4-5 
290	2 3 4 9 	0 1 2 7 	4-6 
291	2 3 4 A 	0 1 2 6 	4-5 
292	2 3 4 B 	0 1 2 5 	4-4 
293	2 3 5 6 	0 1 3 4 	4-3 
294	2 3 5 7 	0 1 3 5 	4-11 
295	2 3 5 8 	0 1 3 6 	4-13 
296	2 3 5 9 	0 1 3 7 	4-29 
297	2 3 5 A 	0 2 3 7 	4-14 
298	2 3 5 B 	0 2 3 6 	4-12 
299	2 3 6 7 	0 1 4 5 	4-7 
300	2 3 6 8 	0 1 4 6 	4-15 
301	2 3 6 9 	0 1 4 7 	4-18 
302	2 3 6 A 	0 1 4 8 	4-19 
303	2 3 6 B 	0 3 4 7 	4-17 
304	2 3 7 8 	0 1 5 6 	4-8 
305	2 3 7 9 	0 1 5 7 	4-16 
306	2 3 7 A 	0 1 5 8 	4-20 
307	2 3 7 B 	0 1 4 8 	4-19 
308	2 3 8 9 	0 1 6 7 	4-9 
309	2 3 8 A 	0 1 5 7 	4-16 
310	2 3 8 B 	0 1 4 7 	4-18 
311	2 3 9 A 	0 1 5 6 	4-8 
312	2 3 9 B 	0 1 4 6 	4-15 
313	2 3 A B 	0 1 4 5 	4-7 
314	2 4 5 6 	0 1 2 4 	4-2 
315	2 4 5 7 	0 2 3 5 	4-10 
316	2 4 5 8 	0 2 3 6 	4-12 
317	2 4 5 9 	0 2 3 7 	4-14 
318	2 4 5 A 	0 1 3 7 	4-29 
319	2 4 5 B 	0 1 3 6 	4-13 
320	2 4 6 7 	0 1 3 5 	4-11 
321	2 4 6 8 	0 2 4 6 	4-21 
322	2 4 6 9 	0 2 4 7 	4-22 
323	2 4 6 A 	0 2 4 8 	4-24 
324	2 4 6 B 	0 2 4 7 	4-22 
325	2 4 7 8 	0 1 4 6 	4-15 
326	2 4 7 9 	0 2 5 7 	4-23 
327	2 4 7 A 	0 2 5 8 	4-27 
328	2 4 7 B 	0 3 5 8 	4-26 
329	2 4 8 9 	0 1 5 7 	4-16 
330	2 4 8 A 	0 2 6 8 	4-25 
331	2 4 8 B 	0 2 5 8 	4-27 
332	2 4 9 A 	0 1 5 7 	4-16 
333	2 4 9 B 	0 2 5 7 	4-23 
334	2 4 A B 	0 1 4 6 	4-15 
335	2 5 6 7 	0 1 2 5 	4-4 
336	2 5 6 8 	0 2 3 6 	4-12 
337	2 5 6 9 	0 3 4 7 	4-17 
338	2 5 6 A 	0 1 4 8 	4-19 
339	2 5 6 B 	0 1 4 7 	4-18 
340	2 5 7 8 	0 1 3 6 	4-13 
341	2 5 7 9 	0 2 4 7 	4-22 
342	2 5 7 A 	0 3 5 8 	4-26 
343	2 5 7 B 	0 2 5 8 	4-27 
344	2 5 8 9 	0 1 4 7 	4-18 
345	2 5 8 A 	0 2 5 8 	4-27 
346	2 5 8 B 	0 3 6 9 	4-28 
347	2 5 9 A 	0 1 5 8 	4-20 
348	2 5 9 B 	0 2 5 8 	4-27 
349	2 5 A B 	0 1 4 7 	4-18 
350	2 6 7 8 	0 1 2 6 	4-5 
351	2 6 7 9 	0 2 3 7 	4-14 
352	2 6 7 A 	0 1 4 8 	4-19 
353	2 6 7 B 	0 1 5 8 	4-20 
354	2 6 8 9 	0 1 3 7 	4-29 
355	2 6 8 A 	0 2 4 8 	4-24 
356	2 6 8 B 	0 2 5 8 	4-27 
357	2 6 9 A 	0 1 4 8 	4-19 
358	2 6 9 B 	0 3 5 8 	4-26 
359	2 6 A B 	0 1 4 8 	4-19 
360	2 7 8 9 	0 1 2 7 	4-6 
361	2 7 8 A 	0 1 3 7 	4-29 
362	2 7 8 B 	0 1 4 7 	4-18 
363	2 7 9 A 	0 2 3 7 	4-14 
364	2 7 9 B 	0 2 4 7 	4-22 
365	2 7 A B 	0 3 4 7 	4-17 
366	2 8 9 A 	0 1 2 6 	4-5 
367	2 8 9 B 	0 1 3 6 	4-13 
368	2 8 A B 	0 2 3 6 	4-12 
369	2 9 A B 	0 1 2 5 	4-4 
370	3 4 5 6 	0 1 2 3 	4-1 
371	3 4 5 7 	0 1 2 4 	4-2 
372	3 4 5 8 	0 1 2 5 	4-4 
373	3 4 5 9 	0 1 2 6 	4-5 
374	3 4 5 A 	0 1 2 7 	4-6 
375	3 4 5 B 	0 1 2 6 	4-5 
376	3 4 6 7 	0 1 3 4 	4-3 
377	3 4 6 8 	0 1 3 5 	4-11 
378	3 4 6 9 	0 1 3 6 	4-13 
379	3 4 6 A 	0 1 3 7 	4-29 
380	3 4 6 B 	0 2 3 7 	4-14 
381	3 4 7 8 	0 1 4 5 	4-7 
382	3 4 7 9 	0 1 4 6 	4-15 
383	3 4 7 A 	0 1 4 7 	4-18 
384	3 4 7 B 	0 1 4 8 	4-19 
385	3 4 8 9 	0 1 5 6 	4-8 
386	3 4 8 A 	0 1 5 7 	4-16 
387	3 4 8 B 	0 1 5 8 	4-20 
388	3 4 9 A 	0 1 6 7 	4-9 
389	3 4 9 B 	0 1 5 7 	4-16 
390	3 4 A B 	0 1 5 6 	4-8 
391	3 5 6 7 	0 1 2 4 	4-2 
392	3 5 6 8 	0 2 3 5 	4-10 
393	3 5 6 9 	0 2 3 6 	4-12 
394	3 5 6 A 	0 2 3 7 	4-14 
395	3 5 6 B 	0 1 3 7 	4-29 
396	3 5 7 8 	0 1 3 5 	4-11 
397	3 5 7 9 	0 2 4 6 	4-21 
398	3 5 7 A 	0 2 4 7 	4-22 
399	3 5 7 B 	0 2 4 8 	4-24 
400	3 5 8 9 	0 1 4 6 	4-15 
401	3 5 8 A 	0 2 5 7 	4-23 
402	3 5 8 B 	0 2 5 8 	4-27 
403	3 5 9 A 	0 1 5 7 	4-16 
404	3 5 9 B 	0 2 6 8 	4-25 
405	3 5 A B 	0 1 5 7 	4-16 
406	3 6 7 8 	0 1 2 5 	4-4 
407	3 6 7 9 	0 2 3 6 	4-12 
408	3 6 7 A 	0 3 4 7 	4-17 
409	3 6 7 B 	0 1 4 8 	4-19 
410	3 6 8 9 	0 1 3 6 	4-13 
411	3 6 8 A 	0 2 4 7 	4-22 
412	3 6 8 B 	0 3 5 8 	4-26 
413	3 6 9 A 	0 1 4 7 	4-18 
414	3 6 9 B 	0 2 5 8 	4-27 
415	3 6 A B 	0 1 5 8 	4-20 
416	3 7 8 9 	0 1 2 6 	4-5 
417	3 7 8 A 	0 2 3 7 	4-14 
418	3 7 8 B 	0 1 4 8 	4-19 
419	3 7 9 A 	0 1 3 7 	4-29 
420	3 7 9 B 	0 2 4 8 	4-24 
421	3 7 A B 	0 1 4 8 	4-19 
422	3 8 9 A 	0 1 2 7 	4-6 
423	3 8 9 B 	0 1 3 7 	4-29 
424	3 8 A B 	0 2 3 7 	4-14 
425	3 9 A B 	0 1 2 6 	4-5 
426	4 5 6 7 	0 1 2 3 	4-1 
427	4 5 6 8 	0 1 2 4 	4-2 
428	4 5 6 9 	0 1 2 5 	4-4 
429	4 5 6 A 	0 1 2 6 	4-5 
430	4 5 6 B 	0 1 2 7 	4-6 
431	4 5 7 8 	0 1 3 4 	4-3 
432	4 5 7 9 	0 1 3 5 	4-11 
433	4 5 7 A 	0 1 3 6 	4-13 
434	4 5 7 B 	0 1 3 7 	4-29 
435	4 5 8 9 	0 1 4 5 	4-7 
436	4 5 8 A 	0 1 4 6 	4-15 
437	4 5 8 B 	0 1 4 7 	4-18 
438	4 5 9 A 	0 1 5 6 	4-8 
439	4 5 9 B 	0 1 5 7 	4-16 
440	4 5 A B 	0 1 6 7 	4-9 
441	4 6 7 8 	0 1 2 4 	4-2 
442	4 6 7 9 	0 2 3 5 	4-10 
443	4 6 7 A 	0 2 3 6 	4-12 
444	4 6 7 B 	0 2 3 7 	4-14 
445	4 6 8 9 	0 1 3 5 	4-11 
446	4 6 8 A 	0 2 4 6 	4-21 
447	4 6 8 B 	0 2 4 7 	4-22 
448	4 6 9 A 	0 1 4 6 	4-15 
449	4 6 9 B 	0 2 5 7 	4-23 
450	4 6 A B 	0 1 5 7 	4-16 
451	4 7 8 9 	0 1 2 5 	4-4 
452	4 7 8 A 	0 2 3 6 	4-12 
453	4 7 8 B 	0 3 4 7 	4-17 
454	4 7 9 A 	0 1 3 6 	4-13 
455	4 7 9 B 	0 2 4 7 	4-22 
456	4 7 A B 	0 1 4 7 	4-18 
457	4 8 9 A 	0 1 2 6 	4-5 
458	4 8 9 B 	0 2 3 7 	4-14 
459	4 8 A B 	0 1 3 7 	4-29 
460	4 9 A B 	0 1 2 7 	4-6 
461	5 6 7 8 	0 1 2 3 	4-1 
462	5 6 7 9 	0 1 2 4 	4-2 
463	5 6 7 A 	0 1 2 5 	4-4 
464	5 6 7 B 	0 1 2 6 	4-5 
465	5 6 8 9 	0 1 3 4 	4-3 
466	5 6 8 A 	0 1 3 5 	4-11 
467	5 6 8 B 	0 1 3 6 	4-13 
468	5 6 9 A 	0 1 4 5 	4-7 
469	5 6 9 B 	0 1 4 6 	4-15 
470	5 6 A B 	0 1 5 6 	4-8 
471	5 7 8 9 	0 1 2 4 	4-2 
472	5 7 8 A 	0 2 3 5 	4-10 
473	5 7 8 B 	0 2 3 6 	4-12 
474	5 7 9 A 	0 1 3 5 	4-11 
475	5 7 9 B 	0 2 4 6 	4-21 
476	5 7 A B 	0 1 4 6 	4-15 
477	5 8 9 A 	0 1 2 5 	4-4 
478	5 8 9 B 	0 2 3 6 	4-12 
479	5 8 A B 	0 1 3 6 	4-13 
480	5 9 A B 	0 1 2 6 	4-5 
481	6 7 8 9 	0 1 2 3 	4-1 
482	6 7 8 A 	0 1 2 4 	4-2 
483	6 7 8 B 	0 1 2 5 	4-4 
484	6 7 9 A 	0 1 3 4 	4-3 
485	6 7 9 B 	0 1 3 5 	4-11 
486	6 7 A B 	0 1 4 5 	4-7 
487	6 8 9 A 	0 1 2 4 	4-2 
488	6 8 9 B 	0 2 3 5 	4-10 
489	6 8 A B 	0 1 3 5 	4-11 
490	6 9 A B 	0 1 2 5 	4-4 
491	7 8 9 A 	0 1 2 3 	4-1 
492	7 8 9 B 	0 1 2 4 	4-2 
493	7 8 A B 	0 1 3 4 	4-3 
494	7 9 A B 	0 1 2 4 	4-2 
495	8 9 A B 	0 1 2 3 	4-1
